pbest =

   -0.5725
   -0.5086
   -0.5559
   -0.7906
   -0.5553
   -0.1919


gbest =

   -0.5726
   -0.5149
   -0.4233
   -0.7900
   -0.5528
   -0.1993